*SDPA format
78
16
1 1 1 1 1 1 1 1 1 1 1 1 1 1 1 12 
-0.027486 -0.044817 -0.033382 -0.045354 -0.036049 0.000153 -0.010784 -0.017252 -0.040950 -0.050632 -0.029504 -0.000000 -0.035010 -0.030436 -0.038699 -0.025328 -0.000473 -0.008167 -0.027257 -0.043965 -0.052640 -0.028667 -0.000000 -0.013904 -0.032643 -0.023635 0.002037 -0.011165 -0.010832 -0.031355 -0.025464 -0.016812 -0.000000 -0.026160 -0.039775 0.000565 -0.016286 -0.018065 -0.042019 -0.032898 -0.019933 -0.000000 -0.026527 -0.003035 -0.014154 -0.018162 -0.040165 -0.022452 -0.018230 -0.000000 -0.005005 -0.000702 0.001885 0.003239 0.001266 0.009752 -0.000000 -0.009417 -0.005315 -0.006779 0.000039 -0.000400 -0.000000 -0.031283 -0.024243 -0.006980 -0.010621 -0.000000 -0.037670 -0.028911 -0.011039 -0.000000 -0.046234 -0.057093 -0.000000 -0.038652 -0.000000 -0.000000 
0 14 1 1 -1.000000
0 15 1 1 1.000000
1 1 1 1 -1.000000
1 12 1 1 -1.000000
1 13 1 1 0.033488
1 14 1 1 -0.033488
1 15 1 1 0.033488
1 16 1 1 1.000000
2 12 1 1 -2.000000
2 13 1 1 0.048411
2 14 1 1 -0.048411
2 15 1 1 0.048411
2 16 1 2 1.000000
3 12 1 1 -2.000000
3 13 1 1 0.034473
3 14 1 1 -0.034473
3 15 1 1 0.034473
3 16 1 3 1.000000
4 12 1 1 -2.000000
4 13 1 1 0.041445
4 14 1 1 -0.041445
4 15 1 1 0.041445
4 16 1 4 1.000000
5 12 1 1 -2.000000
5 13 1 1 0.072987
5 14 1 1 -0.072987
5 15 1 1 0.072987
5 16 1 5 1.000000
6 12 1 1 -2.000000
6 13 1 1 -0.000001
6 14 1 1 0.000001
6 15 1 1 -0.000001
6 16 1 6 1.000000
7 12 1 1 -2.000000
7 13 1 1 0.006537
7 14 1 1 -0.006537
7 15 1 1 0.006537
7 16 1 7 1.000000
8 12 1 1 -2.000000
8 13 1 1 0.005676
8 14 1 1 -0.005676
8 15 1 1 0.005676
8 16 1 8 1.000000
9 12 1 1 -2.000000
9 13 1 1 0.024539
9 14 1 1 -0.024539
9 15 1 1 0.024539
9 16 1 9 1.000000
10 12 1 1 -2.000000
10 13 1 1 0.048714
10 14 1 1 -0.048714
10 15 1 1 0.048714
10 16 1 10 1.000000
11 12 1 1 -2.000000
11 13 1 1 0.021093
11 14 1 1 -0.021093
11 15 1 1 0.021093
11 16 1 11 1.000000
12 1 1 1 1.000000
12 12 1 1 2.000000
12 16 1 12 1.000000
13 2 1 1 -1.000000
13 12 1 1 -1.000000
13 13 1 1 0.033529
13 14 1 1 -0.033529
13 15 1 1 0.033529
13 16 2 2 1.000000
14 12 1 1 -2.000000
14 13 1 1 0.027866
14 14 1 1 -0.027866
14 15 1 1 0.027866
14 16 2 3 1.000000
15 12 1 1 -2.000000
15 13 1 1 0.031353
15 14 1 1 -0.031353
15 15 1 1 0.031353
15 16 2 4 1.000000
16 12 1 1 -2.000000
16 13 1 1 0.045464
16 14 1 1 -0.045464
16 15 1 1 0.045464
16 16 2 5 1.000000
17 12 1 1 -2.000000
17 13 1 1 0.000002
17 14 1 1 -0.000002
17 15 1 1 0.000002
17 16 2 6 1.000000
18 12 1 1 -2.000000
18 13 1 1 0.004389
18 14 1 1 -0.004389
18 15 1 1 0.004389
18 16 2 7 1.000000
19 12 1 1 -2.000000
19 13 1 1 0.007951
19 14 1 1 -0.007951
19 15 1 1 0.007951
19 16 2 8 1.000000
20 12 1 1 -2.000000
20 13 1 1 0.023358
20 14 1 1 -0.023358
20 15 1 1 0.023358
20 16 2 9 1.000000
21 12 1 1 -2.000000
21 13 1 1 0.044902
21 14 1 1 -0.044902
21 15 1 1 0.044902
21 16 2 10 1.000000
22 12 1 1 -2.000000
22 13 1 1 0.018170
22 14 1 1 -0.018170
22 15 1 1 0.018170
22 16 2 11 1.000000
23 2 1 1 1.000000
23 12 1 1 2.000000
23 16 2 12 1.000000
24 3 1 1 -1.000000
24 12 1 1 -1.000000
24 13 1 1 0.012170
24 14 1 1 -0.012170
24 15 1 1 0.012170
24 16 3 3 1.000000
25 12 1 1 -2.000000
25 13 1 1 0.025283
25 14 1 1 -0.025283
25 15 1 1 0.025283
25 16 3 4 1.000000
26 12 1 1 -2.000000
26 13 1 1 0.040559
26 14 1 1 -0.040559
26 15 1 1 0.040559
26 16 3 5 1.000000
27 12 1 1 -2.000000
27 13 1 1 -0.000009
27 14 1 1 0.000009
27 15 1 1 -0.000009
27 16 3 6 1.000000
28 12 1 1 -2.000000
28 13 1 1 0.005736
28 14 1 1 -0.005736
28 15 1 1 0.005736
28 16 3 7 1.000000
29 12 1 1 -2.000000
29 13 1 1 0.003021
29 14 1 1 -0.003021
29 15 1 1 0.003021
29 16 3 8 1.000000
30 12 1 1 -2.000000
30 13 1 1 0.015926
30 14 1 1 -0.015926
30 15 1 1 0.015926
30 16 3 9 1.000000
31 12 1 1 -2.000000
31 13 1 1 0.020765
31 14 1 1 -0.020765
31 15 1 1 0.020765
31 16 3 10 1.000000
32 12 1 1 -2.000000
32 13 1 1 0.010187
32 14 1 1 -0.010187
32 15 1 1 0.010187
32 16 3 11 1.000000
33 3 1 1 1.000000
33 12 1 1 2.000000
33 16 3 12 1.000000
34 4 1 1 -1.000000
34 12 1 1 -1.000000
34 13 1 1 0.017930
34 14 1 1 -0.017930
34 15 1 1 0.017930
34 16 4 4 1.000000
35 12 1 1 -2.000000
35 13 1 1 0.060401
35 14 1 1 -0.060401
35 15 1 1 0.060401
35 16 4 5 1.000000
36 12 1 1 -2.000000
36 13 1 1 -0.000002
36 14 1 1 0.000002
36 15 1 1 -0.000002
36 16 4 6 1.000000
37 12 1 1 -2.000000
37 13 1 1 0.007404
37 14 1 1 -0.007404
37 15 1 1 0.007404
37 16 4 7 1.000000
38 12 1 1 -2.000000
38 13 1 1 0.004458
38 14 1 1 -0.004458
38 15 1 1 0.004458
38 16 4 8 1.000000
39 12 1 1 -2.000000
39 13 1 1 0.018886
39 14 1 1 -0.018886
39 15 1 1 0.018886
39 16 4 9 1.000000
40 12 1 1 -2.000000
40 13 1 1 0.023740
40 14 1 1 -0.023740
40 15 1 1 0.023740
40 16 4 10 1.000000
41 12 1 1 -2.000000
41 13 1 1 0.010688
41 14 1 1 -0.010688
41 15 1 1 0.010688
41 16 4 11 1.000000
42 4 1 1 1.000000
42 12 1 1 2.000000
42 16 4 12 1.000000
43 5 1 1 -1.000000
43 12 1 1 -1.000000
43 13 1 1 0.089249
43 14 1 1 -0.089249
43 15 1 1 0.089249
43 16 5 5 1.000000
44 12 1 1 -2.000000
44 13 1 1 0.000026
44 14 1 1 -0.000026
44 15 1 1 0.000026
44 16 5 6 1.000000
45 12 1 1 -2.000000
45 13 1 1 0.014258
45 14 1 1 -0.014258
45 15 1 1 0.014258
45 16 5 7 1.000000
46 12 1 1 -2.000000
46 13 1 1 0.009930
46 14 1 1 -0.009930
46 15 1 1 0.009930
46 16 5 8 1.000000
47 12 1 1 -2.000000
47 13 1 1 0.039998
47 14 1 1 -0.039998
47 15 1 1 0.039998
47 16 5 9 1.000000
48 12 1 1 -2.000000
48 13 1 1 0.035896
48 14 1 1 -0.035896
48 15 1 1 0.035896
48 16 5 10 1.000000
49 12 1 1 -2.000000
49 13 1 1 0.021658
49 14 1 1 -0.021658
49 15 1 1 0.021658
49 16 5 11 1.000000
50 5 1 1 1.000000
50 12 1 1 2.000000
50 16 5 12 1.000000
51 6 1 1 -1.000000
51 12 1 1 -1.000000
51 13 1 1 0.000000
51 14 1 1 -0.000000
51 15 1 1 0.000000
51 16 6 6 1.000000
52 12 1 1 -2.000000
52 13 1 1 0.000002
52 14 1 1 -0.000002
52 15 1 1 0.000002
52 16 6 7 1.000000
53 12 1 1 -2.000000
53 13 1 1 -0.000003
53 14 1 1 0.000003
53 15 1 1 -0.000003
53 16 6 8 1.000000
54 12 1 1 -2.000000
54 13 1 1 -0.000008
54 14 1 1 0.000008
54 15 1 1 -0.000008
54 16 6 9 1.000000
55 12 1 1 -2.000000
55 13 1 1 -0.000005
55 14 1 1 0.000005
55 15 1 1 -0.000005
55 16 6 10 1.000000
56 12 1 1 -2.000000
56 13 1 1 -0.000029
56 14 1 1 0.000029
56 15 1 1 -0.000029
56 16 6 11 1.000000
57 6 1 1 1.000000
57 12 1 1 2.000000
57 16 6 12 1.000000
58 7 1 1 -1.000000
58 12 1 1 -1.000000
58 13 1 1 0.002840
58 14 1 1 -0.002840
58 15 1 1 0.002840
58 16 7 7 1.000000
59 12 1 1 -2.000000
59 13 1 1 0.000870
59 14 1 1 -0.000870
59 15 1 1 0.000870
59 16 7 8 1.000000
60 12 1 1 -2.000000
60 13 1 1 0.002021
60 14 1 1 -0.002021
60 15 1 1 0.002021
60 16 7 9 1.000000
61 12 1 1 -2.000000
61 13 1 1 -0.000019
61 14 1 1 0.000019
61 15 1 1 -0.000019
61 16 7 10 1.000000
62 12 1 1 -2.000000
62 13 1 1 0.000142
62 14 1 1 -0.000142
62 15 1 1 0.000142
62 16 7 11 1.000000
63 7 1 1 0.500000
63 12 1 1 2.000000
63 16 7 12 1.000000
64 8 1 1 -1.000000
64 12 1 1 -1.000000
64 13 1 1 0.002779
64 14 1 1 -0.002779
64 15 1 1 0.002779
64 16 8 8 1.000000
65 12 1 1 -2.000000
65 13 1 1 0.003923
65 14 1 1 -0.003923
65 15 1 1 0.003923
65 16 8 9 1.000000
66 12 1 1 -2.000000
66 13 1 1 0.001813
66 14 1 1 -0.001813
66 15 1 1 0.001813
66 16 8 10 1.000000
67 12 1 1 -2.000000
67 13 1 1 0.002050
67 14 1 1 -0.002050
67 15 1 1 0.002050
67 16 8 11 1.000000
68 8 1 1 0.500000
68 12 1 1 2.000000
68 16 8 12 1.000000
69 9 1 1 -1.000000
69 12 1 1 -1.000000
69 13 1 1 0.011103
69 14 1 1 -0.011103
69 15 1 1 0.011103
69 16 9 9 1.000000
70 12 1 1 -2.000000
70 13 1 1 0.013681
70 14 1 1 -0.013681
70 15 1 1 0.013681
70 16 9 10 1.000000
71 12 1 1 -2.000000
71 13 1 1 0.003882
71 14 1 1 -0.003882
71 15 1 1 0.003882
71 16 9 11 1.000000
72 9 1 1 0.250000
72 12 1 1 2.000000
72 16 9 12 1.000000
73 10 1 1 -1.000000
73 12 1 1 -1.000000
73 13 1 1 0.035127
73 14 1 1 -0.035127
73 15 1 1 0.035127
73 16 10 10 1.000000
74 12 1 1 -2.000000
74 13 1 1 0.032232
74 14 1 1 -0.032232
74 15 1 1 0.032232
74 16 10 11 1.000000
75 10 1 1 0.250000
75 12 1 1 2.000000
75 16 10 12 1.000000
76 11 1 1 -1.000000
76 12 1 1 -1.000000
76 13 1 1 0.016214
76 14 1 1 -0.016214
76 15 1 1 0.016214
76 16 11 11 1.000000
77 11 1 1 0.250000
77 12 1 1 2.000000
77 16 11 12 1.000000
78 12 1 1 -1.000000
78 13 1 1 -0.002500
78 16 12 12 1.000000
