*SDPA format
78
16
1 1 1 1 1 1 1 1 1 1 1 1 1 1 1 12 
-0.042564 -0.065745 -0.054286 -0.060714 -0.043445 0.000998 -0.014216 -0.026188 -0.054999 -0.063574 -0.039466 -0.000000 -0.047007 -0.046484 -0.048009 -0.028557 0.000426 -0.010335 -0.038640 -0.055702 -0.061240 -0.034549 -0.000000 -0.023540 -0.045591 -0.029890 0.003938 -0.015461 -0.017188 -0.043991 -0.033623 -0.023397 -0.000000 -0.029861 -0.041534 0.001475 -0.018789 -0.023753 -0.048774 -0.035311 -0.022094 -0.000000 -0.025376 -0.003718 -0.014842 -0.022849 -0.041923 -0.021926 -0.019037 -0.000000 -0.008474 -0.001012 0.003099 0.004864 0.002413 0.014284 -0.000000 -0.010750 -0.007492 -0.007708 -0.000159 -0.000726 -0.000000 -0.052964 -0.032840 -0.007572 -0.013556 -0.000000 -0.042999 -0.031957 -0.013332 -0.000000 -0.046234 -0.060655 -0.000000 -0.044058 -0.000000 -0.000000 
0 14 1 1 -1.000000
0 15 1 1 1.000000
1 1 1 1 -1.000000
1 12 1 1 -1.000000
1 13 1 1 0.034559
1 14 1 1 -0.034559
1 15 1 1 0.034559
1 16 1 1 1.000000
2 12 1 1 -2.000000
2 13 1 1 0.050390
2 14 1 1 -0.050390
2 15 1 1 0.050390
2 16 1 2 1.000000
3 12 1 1 -2.000000
3 13 1 1 0.035542
3 14 1 1 -0.035542
3 15 1 1 0.035542
3 16 1 3 1.000000
4 12 1 1 -2.000000
4 13 1 1 0.042415
4 14 1 1 -0.042415
4 15 1 1 0.042415
4 16 1 4 1.000000
5 12 1 1 -2.000000
5 13 1 1 0.073411
5 14 1 1 -0.073411
5 15 1 1 0.073411
5 16 1 5 1.000000
6 12 1 1 -2.000000
6 13 1 1 -0.000003
6 14 1 1 0.000003
6 15 1 1 -0.000003
6 16 1 6 1.000000
7 12 1 1 -2.000000
7 13 1 1 0.006580
7 14 1 1 -0.006580
7 15 1 1 0.006580
7 16 1 7 1.000000
8 12 1 1 -2.000000
8 13 1 1 0.005406
8 14 1 1 -0.005406
8 15 1 1 0.005406
8 16 1 8 1.000000
9 12 1 1 -2.000000
9 13 1 1 0.025342
9 14 1 1 -0.025342
9 15 1 1 0.025342
9 16 1 9 1.000000
10 12 1 1 -2.000000
10 13 1 1 0.050083
10 14 1 1 -0.050083
10 15 1 1 0.050083
10 16 1 10 1.000000
11 12 1 1 -2.000000
11 13 1 1 0.021358
11 14 1 1 -0.021358
11 15 1 1 0.021358
11 16 1 11 1.000000
12 1 1 1 1.000000
12 12 1 1 2.000000
12 16 1 12 1.000000
13 2 1 1 -1.000000
13 12 1 1 -1.000000
13 13 1 1 0.034010
13 14 1 1 -0.034010
13 15 1 1 0.034010
13 16 2 2 1.000000
14 12 1 1 -2.000000
14 13 1 1 0.028729
14 14 1 1 -0.028729
14 15 1 1 0.028729
14 16 2 3 1.000000
15 12 1 1 -2.000000
15 13 1 1 0.031660
15 14 1 1 -0.031660
15 15 1 1 0.031660
15 16 2 4 1.000000
16 12 1 1 -2.000000
16 13 1 1 0.045550
16 14 1 1 -0.045550
16 15 1 1 0.045550
16 16 2 5 1.000000
17 12 1 1 -2.000000
17 13 1 1 -0.000001
17 14 1 1 0.000001
17 15 1 1 -0.000001
17 16 2 6 1.000000
18 12 1 1 -2.000000
18 13 1 1 0.004516
18 14 1 1 -0.004516
18 15 1 1 0.004516
18 16 2 7 1.000000
19 12 1 1 -2.000000
19 13 1 1 0.007529
19 14 1 1 -0.007529
19 15 1 1 0.007529
19 16 2 8 1.000000
20 12 1 1 -2.000000
20 13 1 1 0.024228
20 14 1 1 -0.024228
20 15 1 1 0.024228
20 16 2 9 1.000000
21 12 1 1 -2.000000
21 13 1 1 0.045541
21 14 1 1 -0.045541
21 15 1 1 0.045541
21 16 2 10 1.000000
22 12 1 1 -2.000000
22 13 1 1 0.017650
22 14 1 1 -0.017650
22 15 1 1 0.017650
22 16 2 11 1.000000
23 2 1 1 1.000000
23 12 1 1 2.000000
23 16 2 12 1.000000
24 3 1 1 -1.000000
24 12 1 1 -1.000000
24 13 1 1 0.012428
24 14 1 1 -0.012428
24 15 1 1 0.012428
24 16 3 3 1.000000
25 12 1 1 -2.000000
25 13 1 1 0.025683
25 14 1 1 -0.025683
25 15 1 1 0.025683
25 16 3 4 1.000000
26 12 1 1 -2.000000
26 13 1 1 0.040727
26 14 1 1 -0.040727
26 15 1 1 0.040727
26 16 3 5 1.000000
27 12 1 1 -2.000000
27 13 1 1 -0.000010
27 14 1 1 0.000010
27 15 1 1 -0.000010
27 16 3 6 1.000000
28 12 1 1 -2.000000
28 13 1 1 0.005771
28 14 1 1 -0.005771
28 15 1 1 0.005771
28 16 3 7 1.000000
29 12 1 1 -2.000000
29 13 1 1 0.002861
29 14 1 1 -0.002861
29 15 1 1 0.002861
29 16 3 8 1.000000
30 12 1 1 -2.000000
30 13 1 1 0.016345
30 14 1 1 -0.016345
30 15 1 1 0.016345
30 16 3 9 1.000000
31 12 1 1 -2.000000
31 13 1 1 0.021359
31 14 1 1 -0.021359
31 15 1 1 0.021359
31 16 3 10 1.000000
32 12 1 1 -2.000000
32 13 1 1 0.010210
32 14 1 1 -0.010210
32 15 1 1 0.010210
32 16 3 11 1.000000
33 3 1 1 1.000000
33 12 1 1 2.000000
33 16 3 12 1.000000
34 4 1 1 -1.000000
34 12 1 1 -1.000000
34 13 1 1 0.017949
34 14 1 1 -0.017949
34 15 1 1 0.017949
34 16 4 4 1.000000
35 12 1 1 -2.000000
35 13 1 1 0.060385
35 14 1 1 -0.060385
35 15 1 1 0.060385
35 16 4 5 1.000000
36 12 1 1 -2.000000
36 13 1 1 -0.000004
36 14 1 1 0.000004
36 15 1 1 -0.000004
36 16 4 6 1.000000
37 12 1 1 -2.000000
37 13 1 1 0.007483
37 14 1 1 -0.007483
37 15 1 1 0.007483
37 16 4 7 1.000000
38 12 1 1 -2.000000
38 13 1 1 0.004219
38 14 1 1 -0.004219
38 15 1 1 0.004219
38 16 4 8 1.000000
39 12 1 1 -2.000000
39 13 1 1 0.019337
39 14 1 1 -0.019337
39 15 1 1 0.019337
39 16 4 9 1.000000
40 12 1 1 -2.000000
40 13 1 1 0.023935
40 14 1 1 -0.023935
40 15 1 1 0.023935
40 16 4 10 1.000000
41 12 1 1 -2.000000
41 13 1 1 0.010288
41 14 1 1 -0.010288
41 15 1 1 0.010288
41 16 4 11 1.000000
42 4 1 1 1.000000
42 12 1 1 2.000000
42 16 4 12 1.000000
43 5 1 1 -1.000000
43 12 1 1 -1.000000
43 13 1 1 0.089237
43 14 1 1 -0.089237
43 15 1 1 0.089237
43 16 5 5 1.000000
44 12 1 1 -2.000000
44 13 1 1 0.000025
44 14 1 1 -0.000025
44 15 1 1 0.000025
44 16 5 6 1.000000
45 12 1 1 -2.000000
45 13 1 1 0.014297
45 14 1 1 -0.014297
45 15 1 1 0.014297
45 16 5 7 1.000000
46 12 1 1 -2.000000
46 13 1 1 0.009816
46 14 1 1 -0.009816
46 15 1 1 0.009816
46 16 5 8 1.000000
47 12 1 1 -2.000000
47 13 1 1 0.040202
47 14 1 1 -0.040202
47 15 1 1 0.040202
47 16 5 9 1.000000
48 12 1 1 -2.000000
48 13 1 1 0.035947
48 14 1 1 -0.035947
48 15 1 1 0.035947
48 16 5 10 1.000000
49 12 1 1 -2.000000
49 13 1 1 0.021441
49 14 1 1 -0.021441
49 15 1 1 0.021441
49 16 5 11 1.000000
50 5 1 1 1.000000
50 12 1 1 2.000000
50 16 5 12 1.000000
51 6 1 1 -1.000000
51 12 1 1 -1.000000
51 13 1 1 0.000000
51 14 1 1 -0.000000
51 15 1 1 0.000000
51 16 6 6 1.000000
52 12 1 1 -2.000000
52 13 1 1 0.000002
52 14 1 1 -0.000002
52 15 1 1 0.000002
52 16 6 7 1.000000
53 12 1 1 -2.000000
53 13 1 1 -0.000003
53 14 1 1 0.000003
53 15 1 1 -0.000003
53 16 6 8 1.000000
54 12 1 1 -2.000000
54 13 1 1 -0.000009
54 14 1 1 0.000009
54 15 1 1 -0.000009
54 16 6 9 1.000000
55 12 1 1 -2.000000
55 13 1 1 -0.000008
55 14 1 1 0.000008
55 15 1 1 -0.000008
55 16 6 10 1.000000
56 12 1 1 -2.000000
56 13 1 1 -0.000031
56 14 1 1 0.000031
56 15 1 1 -0.000031
56 16 6 11 1.000000
57 6 1 1 1.000000
57 12 1 1 2.000000
57 16 6 12 1.000000
58 7 1 1 -1.000000
58 12 1 1 -1.000000
58 13 1 1 0.002836
58 14 1 1 -0.002836
58 15 1 1 0.002836
58 16 7 7 1.000000
59 12 1 1 -2.000000
59 13 1 1 0.000882
59 14 1 1 -0.000882
59 15 1 1 0.000882
59 16 7 8 1.000000
60 12 1 1 -2.000000
60 13 1 1 0.002025
60 14 1 1 -0.002025
60 15 1 1 0.002025
60 16 7 9 1.000000
61 12 1 1 -2.000000
61 13 1 1 0.000071
61 14 1 1 -0.000071
61 15 1 1 0.000071
61 16 7 10 1.000000
62 12 1 1 -2.000000
62 13 1 1 0.000224
62 14 1 1 -0.000224
62 15 1 1 0.000224
62 16 7 11 1.000000
63 7 1 1 0.500000
63 12 1 1 2.000000
63 16 7 12 1.000000
64 8 1 1 -1.000000
64 12 1 1 -1.000000
64 13 1 1 0.002779
64 14 1 1 -0.002779
64 15 1 1 0.002779
64 16 8 8 1.000000
65 12 1 1 -2.000000
65 13 1 1 0.003847
65 14 1 1 -0.003847
65 15 1 1 0.003847
65 16 8 9 1.000000
66 12 1 1 -2.000000
66 13 1 1 0.001517
66 14 1 1 -0.001517
66 15 1 1 0.001517
66 16 8 10 1.000000
67 12 1 1 -2.000000
67 13 1 1 0.001865
67 14 1 1 -0.001865
67 15 1 1 0.001865
67 16 8 11 1.000000
68 8 1 1 0.500000
68 12 1 1 2.000000
68 16 8 12 1.000000
69 9 1 1 -1.000000
69 12 1 1 -1.000000
69 13 1 1 0.011244
69 14 1 1 -0.011244
69 15 1 1 0.011244
69 16 9 9 1.000000
70 12 1 1 -2.000000
70 13 1 1 0.014287
70 14 1 1 -0.014287
70 15 1 1 0.014287
70 16 9 10 1.000000
71 12 1 1 -2.000000
71 13 1 1 0.004095
71 14 1 1 -0.004095
71 15 1 1 0.004095
71 16 9 11 1.000000
72 9 1 1 0.250000
72 12 1 1 2.000000
72 16 9 12 1.000000
73 10 1 1 -1.000000
73 12 1 1 -1.000000
73 13 1 1 0.035338
73 14 1 1 -0.035338
73 15 1 1 0.035338
73 16 10 10 1.000000
74 12 1 1 -2.000000
74 13 1 1 0.031849
74 14 1 1 -0.031849
74 15 1 1 0.031849
74 16 10 11 1.000000
75 10 1 1 0.250000
75 12 1 1 2.000000
75 16 10 12 1.000000
76 11 1 1 -1.000000
76 12 1 1 -1.000000
76 13 1 1 0.015892
76 14 1 1 -0.015892
76 15 1 1 0.015892
76 16 11 11 1.000000
77 11 1 1 0.250000
77 12 1 1 2.000000
77 16 11 12 1.000000
78 12 1 1 -1.000000
78 13 1 1 -0.002500
78 16 12 12 1.000000
